snp-dists 0.8.2	GCF_000742995.1_ASM74299v1_genomic	GCF_000758465.1_ASM75846v1_genomic	GCF_000788095.1_ASM78809v1_genomic	GCF_000834105.1_ASM83410v1_genomic	GCF_000972335.1_ASM97233v1_genomic	GCF_000978875.1_ASM97887v1_genomic	GCF_900475405.1_44087_C01_genomic
GCF_000742995.1_ASM74299v1_genomic	0	3220	3189	9650	9363	3454	890
GCF_000758465.1_ASM75846v1_genomic	3220	0	2884	9470	9062	3590	3224
GCF_000788095.1_ASM78809v1_genomic	3189	2884	0	9461	9120	3703	3195
GCF_000834105.1_ASM83410v1_genomic	9650	9470	9461	0	9572	9590	9630
GCF_000972335.1_ASM97233v1_genomic	9363	9062	9120	9572	0	9315	9347
GCF_000978875.1_ASM97887v1_genomic	3454	3590	3703	9590	9315	0	3453
GCF_900475405.1_44087_C01_genomic	890	3224	3195	9630	9347	3453	0
